-88
89
-85
94
0000000000000000000000000000000000000000000000000000000000000000000000000000000000000000000000000000000000000000000000000000000000000000000000000000000000000000000000000000000000
1111111111111111111111111111111111111111111111111111111111111111101111101111111110111111011111111101111101111111101111101111111111011111011111111111111111111111111111111111111110
1111111111111111111111111111111111111111111111111111111111111111101111101111111110111111011111111101111101111111101111101111111111011111011111111111111111111111111111111111111110
1111111111111111111111111111111111111111111111111111111111111111101111101111111110111111011111111101111101111111101111101111111111011111011111111111111111111111111111111111111110
1111111111111111111111111111111111111111111111111111111111111111101111101111111110111111011111111101111101111111101111101111111111011111011111111100111111111111111111111111111110
1111111111111111111111111111111111111111111111111111111111111111101111101111111110011111011111111101111101111111101111101111111111011111011111111000011111111111111111111111111110
1111111111111111111111111111111111111111111111111111111111111111101111101111111110000000011111111100000001111111100000001111111111000000011111110011001111111111111111111111111110
1111111111111111111111111111111111111111111111111111111111111111101111101111111111111111111111111111111111111111111111111111111111111111111111100111100111111111111111111111111110
1111111111111111111111111111111111111111111111111111111111111111101111101111111111111111100000000111111111111111111111111000000001111111111111101111110001111111111111111111111110
1111111111111111110000000111111111111111111111111111111111111111101111101111111111111111101111110111111111111111111111111011111101111111111111001111111100011111111111111111111110
1111111111111111110111110111111111111111111111111111111111111111101111101111111111111111101111110111111111111111111111111011111101111111111111100111111111000111111111111111111110
1111111111111111110111110111111111111111111111111111111111111111101111101111111111111111101111110111111111111111111111111011111101111111111111110011111111110001111111111111111110
1111111111111111110111110111111111111111111111111100000001111111101111101111111111111111101111110111111111111111111111111011111101111111111111111000111111111100111111111111111110
1111111111111111110111110111111111111111111111111101111101111111101111101111111111111111101111110111111111111111111111111011111101111111111111111110001111111110011111111111111110
1111111111111111110111110111111111111111111111111101111101111111101111101111111111111111101111110111111111111111111111111011111101111111111111111111100011111110111111111111111110
1111111111111111110111110111111111111111111111111101111101111111101111101111111111111111100000000111111111111111111111111000000001111111111111111111111000111100111111111111111110
1111111111111111110111110111111111111111111111111101111101111111101111101111111111111111111111111111111111111111111111111111111111111111111111111111111110001001111111111111111110
1111111111111111110111110111111111111111111111111101111101111111100000001111111111111111111111111111111111111111111111111111111111111111111111111111111111100011111111111111111110
1111111111111111110111110111111111111111111111111101111101111111111111111111111111111111111111111111111111111111111111111111111111111111111111111111111111111111111111111111111110
1111111111111111110111110111111111111111111111111101111101111111111111111111111111111111111111111111111111111111111111111111111111111111111111111111111111111111111111111111111110
1100000000111111110111110111111111111111111111111101111101111111111111111111111111111111111111111111111111111111111111111111111111111111111111111001111111111111111111111111111110
1101111000111111110111110111111111111111111111111101111101111111111111111111111111111111111111111111111111111111111111111111111111111111111111111000011111111111111111111111111110
1101111110111111110111110111111111111111111111111101111101111111111111111111111111111111111111111111111111111111111111111111111111111111111111110011000111111111111111111111111110
1101111110111111110111110111111111111111111111111101111101111111111111111111111111111111111111111111111111111111111111111111111111111111111111000111110001111111111111111111111110
1101111110111111110111110111111111111111111111111101111101111111111111111111111111111111111111111111111111111111111111111111111111111111111111001111100100011111111111111111111110
1101111110111111110111110111111111111111111111111101111101111111111111111111111111111111111111111111111111111111111111111111111111111111111111001111001111000111111111111111111110
1101111110111111110000000111111111111111111111111101111101111111111111111111111111111111111111111111111111111111111111111111111111111111111111111111011111010001111111111111111110
1101111110111111111111111111111111111111111111111101111101111111111111111111111111111111111111111111111111111111111111111111111111111111111111111110011111011100011111111111111110
1101111110111111111111111111111111111111111111111101111101111111111111111111111111111111111111111111111111111111111111111111111111111111111111111110111110011110011111111111111110
1101111110111111111111111111111111111111111111111100000001111111111111111111111111111111111111111111111111111111111111111111111111111111111111111111111100111110111111111111111110
1101111110111111111111111111111111111111111111111111111111111111111111111111111111111111111111111111111111111111111111111111111111111111111111111111111101111100111111111111111110
1101111110111111111111111111111111111111111111111111111111111111111111111111111111111111111111111111111111111111111111111111111111111111111111111111111111111001111111111111111110
1101111110111111111111111111111111111111111111111111111111111111111111111111111111111111111111111111111111111111111111111111111111111111111111111111111111111011111111111111111110
1101111110111111111111111111111111111111111111111111111111111111111111111111111111111111111111111111111111111111111111111111111111111111111111111111111111111011111111111111111110
1101111110111111111111111111111111111111111111111111111111111111111111111111111111111111111111000000110000001000000011111111111111111111111111111111111111111111111111111111111110
1101111110111111111111111111111111111111111111111111111111111111111111111111111111111111111111011110110111101011111011111111111111111111111111110111111111111111111111111111111110
1101111110111111111111111111111111111111111111111111111111111000000011111111111111111111111111011110110111101011111011111111111111111111111111100001111111111111111111111111111110
1101111110111111111111111111111111111111111100000001111111111011111011111111111111111111111111011110110111101011111011111111111111111111111111100100011111111111111111111111111110
1100000000111111111111111111111111111111111101111101111111111011111011111111111111111111111111011110110111101011111011111111111111111111111111101111000111111111111111111111111110
1111111111111111111111111111111111111111111101111101111111111011111011111111111111111111111111011110110111101011111011111111111111111111111111001111110011111111111111111111111110
1111111111111111111111111111111111111111111101111101111111111011111011111111111111111111111111000000110000001011111011111111111111111111111110011111111000111111111111111111111110
1111111111111111111111111111111111111111111101111101111111111011111011111111111111111111111111111111111111111111111111111111111111111111111110011111111110001111111111111111111110
1111111111111111111111111111111111111111111101111101111111111011111011111111111111111111111111111111111111111111111111111111111111111111111110011111111111100011111111111111111110
1111111111111111111111111111111111111111111100000001111111111011111011111111111111111111111111111111111111111111111111111111111111111111111111000111111111111001111111111111111110
1111111111111111111111111111111111111111111111111111111111111111111111111111111111111111111111111111111111111111111111111111111111111111111111110001111111111000111111111111111110
1111111111111111111111111111111111111111111111111111111111111111111110000000011111111111111111111111111111111111111111111111111111111111111111111100011111111001111111111111111110
1111111111111111111111111111111111111111111111111111100000001111111110111111011111111111111111111111111111111111111111111111111111111111111111111111000001111011111111111111111110
1111111111111111111111001111111111111111111111111111101111101111111110111111011111111111111111000000110000000000000011111111111111111111111111111111110001110011111111111111111110
1111111111111111111110001111111111111111111111111111101111101111111110111111011111111111111111011110110111111111111011111111111111111111111111111111111100010111111111111111111110
1100000000000000000000100111111111111111111111111111101111101111111110111111011111111111111111011110110111111111111011111111111111111111111111111111111111000111111111111111111110
1101111111111111111111110111111111111111111111111111101111101111111110111111011111111111111111011110110111111111111011111111111111111111111111111111111111111111111111111111111110
1101111111111111111111110011111111111111111111111111101111101111111110111111011111111111111111011110110111111111111011111111111111111111111111101111111111111111111111111111111110
1101111111111111111111100011111111111111111111111111100000001111111110000000011111111111111111011110110111111111111011111111111111111111111111000011111111111111111111111111111110
1101111111111111111111001111111111111111111111111111111111111111111111111111111111111111111111000000110000000000000011111111111111111111111110011001111111111111111111111111111110
1101111111111111111110011111111111111111111111111111111111111111111111111111111111111111111111111111111111111111111111111111111111111111111110111100011111111111111111111111111110
1101111111111111110000111111111111111111111111111111111111111111111111111111111111111111111111111111111111111111111111111111111111111111111100111111001111111111111111111111111110
1100000000000000000111111111111111111111111111111111111111111111111111111111111111111111111111111111111111111111111111111111111111111111111100111111100011111111111111111111111110
1111111111111111111111111111111111111111111111111111111111111111111111111111111111111111111111111111111111111111111111111111111111111111111100111111111000111111111111111111111110
1111111111111111111111111111111111111111111111111111111111111111111111111111111111111111111111111111111111111111111111111111111111111111111100011111111110001111111111111111111110
1111111111111111111111111111111111111111111111111111111111111111111111111111111111111111111111111111111111111111111111111111111111111111111111001111111111000011111111111111111110
1111111111111111111111111111111111111111111111111111111111111111111111111111111111111111111111111111111111111111111111111111111111111111111111100000011111110011111111111111111110
1111111111111111111111111111111111111111111111111111111111111111111111111111111111111111111111111111111111111111111111111111111111111111111111110000011111110001111111111111111110
1111111111111111111111111111111111111111111111111111111111111111111111111111111111111111111111111111111111111111111111111111111111111111111111111111000111110011111111111111111110
1111111111111111111111111111111111111111111111111111111111111111111111111111111111111111111111111111111111111111111111111111111111111111111111111111110000110011111111111111111110
1111111111111111111111111111111111111111111111111111111111111111111111111111111111111111111111111111111111111111111111111111111111111111111111111111111100100111111111111111111110
1111111111111111111111111111111111111111111111111111111111111111111111111111111111111111111111111111111111111111111111111111111111111111111111111111111110001111111111111111111110
1111111111111111111111111111111111111111111111111111111111111111111111111111111111111111111111111111111111111111111111111111111111111111111111111111111111111111111111111111111110
1111111111111111111111111111111111111111111111111111111111111111111111111111111111111111111111111111111111111111111111111111111111111111111111110011111111111111111111111111111110
1111111111111111111111111111111111111111111111111111111111111111111111111111111111111111111111111111111111111111111111111111111111111111111111100001111111111111111111111111111110
1111111111111111111111111111111111111111111111111111111111111111111111111111111111111111111111111111111111111111111111111111111111111111111111001100011111111111111111111111111110
1111111111111111111111111111111111111111111111111111111111111111111111111111111111111111111111111111111111111111111111111111111111111111111111001111001111111111111111111111111110
1111111111111111111111111111111111111111111111111111111111111111111111111111111111111111111111111111111111111111111111111111111111111111111110001111100011111111111111111111111110
1111111111111111111111111111111111111111111111111111111111111111111111111111111111111111111111111111111111111111111111111111111111111111111110111111111000111111111111111111111110
1111111111001111111111111111111111111111111100000001111111111000000011111111111111111111111111111111111111111111111111111111111111111111111110011111111100001111111111111111111110
1111111110000111111111111111111111111111111101111101111111111011111011111111111111111111111111111111111111111111111111111111111111111111111111001111111111100011111111111111111110
1111111100110001111111111111111111111111111101111101111111111011111011111111111111111111111111110000000000000000000111111111111111111111111111100001111111111001111111111111111110
1111111001111000011111111111111111111111111101111101111111111011111011111111111111111111111111110111111111111111110111111111111111111111111111111000011111111101111111111111111110
1111111011111111001111111111111111111111111101111101111111111011111011111111111111111111111111110111111111111111110111111111111111111111111111111111000011111001111111111111111110
1111111011111111100011111111111111111111111101111101111111111011111011111111111111111111111111110111111111111111110111111111111111111111111111111111111001110011111111111111111110
1111111001111111110000111111111111111111111101111101111111111000000011111111111111111111111111110111111111111111110111111111111111111111111111111111111100100111111111111111111110
1111111100011111110000011111111111111111111100000001111111111111111111111111111111111111111111110111111111111111110111111111111111111111111111111111111110001111111111111111111110
1111111111001111111110001111111111111111111111111111111111111111111111111111111111111111111111110111111111111111110111111111111111111111111111111111111111111111111111111111111110
1111111111100011111111100111111111111111111111111111100000011111111111000000111111111111111111110000000000000000000111111111111111111111111111111111111111111111111111111111111110
1111111111111000111111100111111111111111111111111111101111011111111111011110111111111111111111111111111111111111111111111111111111111111111111111111111111111111111111111111111110
1111111111111110001111001111111111111111111111111111101111011111111111011110111111111111111111111111111111111111111111111111111111111111111111111111111111111111111111111111111110
1111111111111111100011001111111111111111111111111111101111011111111111011110111111111111111111111111111111111111111111111111111111111111111111111111111111111111111111111111111110
1111111111111111111000011111111111111111111111111111101111011111111111011110111111111111111111111111111111111111111111111111111111111111111111111111111111111111111111111111111110
1111111111111111111110111111111111111111111111111111101111011111111111011110111111111111111111111111111111111111111111111111111111111111111111111111111111111111111111111111111110
1111111111111111111111111111111111111111111111111111100000011111111111000000111111111111111111111111111111111111111111111111111111111111111111111111111111111111111111111111111110
1111111111011111111111111111111111111111111111111111111111111111111111111111111111111111111111111111111111111111111111111111111111111111111111111111111111111111111111111111111110
1111111110001111111111111111111111111111111111111111111111111111111111111111111111111111111111111111111111111111111111111111111111111111111111111111111111111111111111111111111110
1111111100100011111111111111111111111111111111111111111111111111111111111111111111111111111111111111111111111000000001111111111111111111111111111111111111111111111111111111111110
1111111101111000111111111111111111111111111111111111111111111111111111111111111111111111111111111111111111111011111101111111111111111111111111111111111111111111111111111111111110
1111111001111100001111111111111111111111111111111111111111111111111111111111111111111111111111111111111111111011111101111111111111111111111111111111111111111111111111111111111110
1111111011111001100011111111111111111111111111111111111111111111111111111111111111111111111111111111111111111011111101111111111111111111111111111111111111111111111111111111111110
1111111011111011111001111111111111111111111000000011111111111111111111111111111111111111111111111111111111111011111101111111111111111111111111111111111111111111111111111111111110
1111111111110011111000011111111111111111111011111011111111111111111111111111111111111111111111111111111111111011111101111111111111111111111111111111111111111111111111111111111110
1111111111110111111011000111111111111111111011111011111111111111111111111111111111111111111111111111111111111011111101111111111111111111111111111111111111111111111111111111111110
1111111111110111110011100111111111111111111011111011111111111111111111111111111111111111111111111111111111111011111101111111111111111111111111111111111111111111111111111111111110
1111111111111111100111101111111111111111111011111011111111111111111111111111111111111111111111111111111111111011111101111111111111111111111111111111111111111111111111111111111110
1111111111111111101111001111111111111111111011111011111111111111111111111111111111111111111111111111111111111011111101111111111111111111111111111111111111111111111111111111111110
1111111111111111101110011111111111111111111011111011111111111122222222222222111111111111111111111111111111111011111101111111111111111111111111111111111111111111111111111111111110
1111111111111111111110111111111111111111111011111011111111111122222222222222111111111111111110000000000111111011111101111111111111111111111111111111111111111111111111111111111110
1111111111111111111111111111111111111111111011111011111111111122222222222222111111111111111110111111110111111011111101111111111111111111111111111111111111111111111111111111111110
1111111111111111111111111111111111111111111011111011111111111122222222222222111111111111111110111111110111111011111101111111111111111111111111111111111111111111111111111111111110
1111111110111111111111111111111111111111111011111011111111111122222222222222111111111111111110111111110111111011111101111111111111111111111011111111111111111000000001111111111110
1111111100011111111111111111111111111111111011111011111111111122222222222222111111111111111110111111110111111011111101111111111111111111110001111111111111111011111101111111111110
1111111001000111111111111111111111111111111011111011111111111111111111111111111111111111111110111111110111111011111101111111111111111111100100111111111111111011111101111111111110
1111111011110001111111111111111111111111111011111011111111111111111111111111111111111111111110111111110111111011111101111111111111111111001110011111111111111011111101111111111110
1111110011111100011111111111111111111111111011111011111111111111111111111111111111111111111110111111110111111000000001111111111111111110011111001111111111111011111101111111111110
1111110111111111000111111111111111111111111011111011111111111111111111111111111111111111111110111111110111111111111111111111111111111110111110011111111111111011111101111111111110
1111110011111111110001111111111111111111111011111011111111111111111111111111111111111111111110111111110111111111111111111111111111111111111100111111111111111011111101111111111110
1111111000111111111100011111111111111111111011111011111111111111111111111111111111111111111110111111110111111111111111111111111111111111111001111111111111111000000001111111111110
1111111110000111111111001111111111111111111011111011111111111111111111111111111111111111111110111111110111111111111111111111111111111111110011111111111111111111111111111111111110
1111111111100011111111001111111111111111111011111011111111111111111111111111111111111111111110111111110111111111111111111111111111111111111111111111111111111111111111111111111110
1111111111111000111111001111111111111111111011111011111111111111111111111111111111111111111110111111110111111111111111111111111111111111111111111111111111111111111111111111111110
1111111111111110001110011111111111111111111011111011111111111111111111111111111111111111111110111111110111111111111111111111111111111111111111111111111111111111111111111111111110
1111111111111111100000111111111111111111111011111011111111111111111111111111111111111111111110111111110111111111111111111111111111111110000000011111111111111000000001111111111110
1111111111111111111001111111111111111111111011111011111111111111111111111111111111111111111110111111110111111111111111111111111111111110111110011111111111111011111101111111111110
1111111111111111111111111111111111111111111000000011111111111111111111111111111111111111111110111111110111111111111111111111111111111110111111011111111111111011111101111111111110
1111111111111111111111111111111111111111111111111111111111111111111111111111111111111111111110111111110111111111111111111111111111111110111111011111111111111011111101111111111110
1111110000011111111111111111111111111111111111111111111111111111111111111111111111111111111110111111110111111111111111111111111111111110111111011111111111111011111101111111111110
1111110000000001111111111111111111111111111111111111111111111111111111111111111111111111111110111111110111111111111111111111111111111110111111011111111111111011111101111111111110
1111110000000000111111111111111111111111111111111111111111111111111111111111111111111111111110000000000111111111111111111111111111111110111111011111111111111011111101111111111110
1111110000000000001111111111111111111111111113333311111111111111111111111111111111111111111111111111111111111111111111111111111111111110111111011111111111111000000001111111111110
1111110000000000000001111111111111111111111133000311111111111111111111111111111111111111111111111111111111111111111111111111111111111110000000011111111111111131111111111111111110
1111110000000000000001111111111111111111111330010331111111111111111111110001111111111111111111111111111111111111111111111111111111111111111111111111111111111333311111111111111110
1111110000000000000000011111111111111111113300110033311111111111111111000000111111111111111111111111111111111111111111111111111111111111111111111111111111111311331111111111111110
1111110000000000000000001111111111111111133001111003311111111111111100011110011111111111111111111111111111111111111111111111111111111110000000001111111111113310133111111111111110
1111111100000000000000001111111111111111133011111100331111111111111001111111001111111111111111110000000000000000000111111111111111111110111111101111111111133100013311111111111110
1111111100000000000000001111111111111111133011111000033111111111110011111111101111111111111111110111111111111111110111111111111111111110111111101111111111331001001331111111111110
1111111111000000000000001111111111111111133111110011003311111111100111111110001111111111111111110111111111111111110111111111111111111110111111101111111113310011100133111111111110
1111111111111100000000001111111111111111133311100111101331111111000111111110111111111111111111110111111111111111110111111111111111111110111111101111111113300111110013311111111110
1111111111111111100000001111111111111111133331001111100131111111001111111100111111111111111111110111111111111111110111111111111111111110111111101111111111331111100111331111111110
1111111111111111111000001111111111111111133333111111001331111111100111110001111111111111111111110111111111111111110111111111111111111110111111101111111111131111001113331111111110
1111111111111111111111111111111111111111133333311100013311111111110011100111111111111111111111110111111111111111110111111111111111111110111111101111111111133110011133111111111110
1111111111111111111111111111111111111111133333333100133111111111111001001111111111111111111111110111111111111111110111111111111111111110000000001111111111113300111331111111111110
1111111111111111111111111111111111111111133333333333331111111111111100011111111111111111111111110111111111111111110111111111111111111111111111111111111111111331133311111111111110
1111111111111111111111111111111111111111133333333333311111111111111111111111111111111111111111110000000000000000000111111111111111111111111111111111111111111133331111111111111110
1111111111111111111111111111111111111111111111111111111111111111111111111111111111111111111111111111111111111111111111111111111111111111111111111111111111111113311111111111111110
1111111111111111111111111111111111111111111111111111111111111111111111111111111111111111111111111111111111111111111111111111111111111111111111111111111111111111111111111111111110
1111111111111111111111111111111111111111111111111111111111111111111111111111111111111111111111111111111111111111111111111111111111111111111111111111111111111111111111111111111110
1111111111111111111111111111111111111111111111111111111111111111111111111111111111111111111111111111111111111111111111111111111111111111111111111111111111111111111111111111111110
1111111111111111111111111111111111111111111111111111111111111111111111111111111111111111111111111111111111111111111111111111111111111111111111111111111111111111111111111111111110
1111111111111111111111111111111111111111111111111111111111111111111111111111111111111111111111111111111111111111111111111111111111111111111111111111111111111111111111111111111110
1111111111111111111111111111111111111111111111111111111111111111111111111111111111111111111111111111111111111111111111111111111111111111111111111111111111111111111111111111111110
1111111111111111111111111111111111111111111111111111111111111111111111111111111111111111111111111111111111111111111111111111111111111111111111111111111111111111111111111111111110
1111111111111111111111111111111111111111111111111111111111111111111111111111111111111111111111111111111111111111111111111111111111111111111111111111111111111111111111111111111110
1111111111111111111111111111111111111111111111111111111111111111111111111111111111111111111111111111111111111111111111111111111111111111111111111111111111111111111111111111111110
1111111111111111111111111111111111111111111111111111111111111111111111111111111111111111111111111111111111111111111111111111111111111111111111111111111111111111111111111111111110
1111111111111111111111111111111111111111111111111111111111111111111111111111111111111111111111111111111111111111111111111111111111111111111111111111111111111111111111111111111110
1111111111111111111111111111111111111111111111111111111111111111111111111111111111111111111111111111111111111111111111111111111111111111111111111111111111111111111111111111111110
1111111110001111111111111111111111111111111111111111111111110000000000000000000000011111111111111111111111111111111111111111111111111111111111111111111111111111111111111111111110
1111111100000111111111111111111111111111111111111111111111110111111111111111111111011111111111111111111111000000011111111111111111111111111111111111111111111111111111111111111110
1111111000000011111111111111111111111111111111111111111111110111111111111111111111011111111000000110000011011111011111111111111111111111111111111111111111111111111111111111111110
1111110000000001111111111111111111111111111111111111111111110111111111111111111111011111111011110110111011011111011111111111111111111110000001110000011000000110000001111111111110
1111110000000000111111111111111111111111111111111111111111110111111111111111111111011111111011110110111011011111011111111111111111111110111101110111011011110110111101111111111110
1111111000000000011111111111111111111111111111111111111111110111111111111111111111011111111011110110111011011111011111111111111111111110111101110111011011110110111101111111111110
1111111110000000001111111111111111111111111111111111111111110111111111111111111111011111111011110110111011011111011111111111111111111110111101110111011011110110111101111111111110
1111111111000000000111111111111111111111111111111111111111110000000000000000000000011111111000000110000011011111011111111111111111111110111101110111011011110110111101111111111110
0111111111100000000011111111111111111111111111111111111111111111111111111111111111111111111111111111111111111111111111111111111111111110111101110000011000000110111101111111111110
0011111111111000000001111111111111111111111000000000111111111111111111111111111111111111111111111111111111111111111111111111111111111111111111111111111111111111111111111111111110
1001111111111100000011011111111111111111111011111110111111111111111111111111111111111111111111111111111111111111111111111111111111111111111111111111111111111111111111111111111110
1100111111111110000111001111111111111111111011111110111110000000011111111100000001111111111111111111111111111111111111111111111111111111111111111111111111111111111111111111111110
1110011111111111001110000001111111111111111011111110111110111111011111111101111101111111111100000001111111111000000011111111111111111111111111111111111111111111111111111111111110
1111011111111111001100000001111111111111111011111110111110111111011111111101111101111111111101111001111111111011111011111111111111111111111111111111111111111111111111111111111110
1111011111111111111000000001111111111111111011111110111110111111011111111101111101111111111101111101111111111011111011111111111111111111111111111111111111111111111111111111111110
1110011111111111111000000011111111111111111011111110111110111111011111111101111101111111111101111101111111111011111011111111111111111111111000000000000000000000001111111111111110
1100111111111111111100000111111111111111111011111110111110111111011111111101111001111111111101111101111111111011111011111111111111111111111011111111111111111111101111111111111110
1001111111111111111110001111111111111111111011111110111110111111011111111101111001111111111101111101111111111011111011111111111111111111111011111111111111111111101111111111111110
0011111111111111111111011111111111111111111011111110111110000000011111111100000001111111111100000001111111111000000011111111111111111111111011111111111111111111101111111111111110
0111111111111111111111111111111111111111111011111110111111111111111111111111111111111111111111111111111111111111111111111111111111111111111011111111111111111111101111111111111110
0111111111111111111111111111111111111111111011111110111111111111110000000111111111100000001111111111111111111111111111111111111111111111111011111111111111111111101111111111111110
1111111111111111111111111111111111111111111011111110111111111111110111110111111111101111101111111110000000111111111111111111111111111111111011111111111111111111101111111111111110
1111111111111111111111111111111111111111111011111110111111111111110111110111111111101111101111111110111110111111111111111111111111111111111000000000000000000000001111111111111110
1111111111111111111111111111111111111111111011111110111111111111110111110111111111101111101111111110111110111111111111111111111111111111111111111111111111111111111111111111111110
1111111111111111111111111111111111111111111011111110111111111111110111110111111111101111101111111110111110111111111111111111111111111111111111111111111111111111111111111111111110
1111111111111111111111111111111111111111111011111110111111111111110111110111111111101111101111111110111110111111111111111111111111111111111111111111111111111111111111111111111110
1111111111111100111111111111111111111111111011111110111111111111110111110111111111100000001111111110111110111111111111111111111111111111111111111111111111111111111111111111111110
1111111111110000001111111111111111111111111011111110111111111111110000000111111111111111111111111110000000111111111111111111111111111111111111111111111111111111111111111111111110
